11
16
30
18
16
35
42
34
101
108
108
108
108
108
108
108
16
16
68
68
51
51
105
41
51
16
16
16
16
105
105
41
103
51
68
68
43
16
16
83
83
118
118
118
101
101
34
34
51
51
104
51
41
41
41
104
16
16
69
16
69
118
69
69
68
68
87
87
68
87
68
87
68
87
69
16
16
69
16
16
69
16
41
69
41
41
69
41
41
101
101
101
101
101
51
51
51
51
51
118
118
118
118
118
47
34
44
40
102
107
41
101
71
51
47
47
47
47
47
47
47
71
51
43
47
50
104
41
50
50
41
41
51
50
51
104
51
40
50
41
51
50
51
42
108
11
11
16
35
41
71
51
71
71
68
35
35
103
118
118
103
51
51
34
42
41
51
51
116
41
51
35
16
40
40
112
16
35
16
102
41
101
42
40
34
116
34
66
54
40
18
116
51
105
16
41
104
43
15
11
16
105
118
15
51
35
64
35
35
29
15
42
47
41
118
112
35
35
118
118
22
22
40
115
118
112
51
51
102
34
50
51
31
51
51
79
34
50
101
50
118
101
50
41
54
41
51
41
104
11
42
47
113
104
104
56
50
104
102
16
51
16
34
51
16
68
68
51
68
68
51
51
29
100
51
51
34
51
41
69
69
116
69
102
69
15
15
15
69
34
40
40
40
16
100
100
51
34
100
118
51
50
51
29
101
34
100
51
71
105
71
105
71
71
16
35
118
69
116
102
41
118
118
40
50
50
50
113
113
112
112
102
102
102
103
40
102
102
16
34
118
104
104
110
110
110
51
44
50
103
43
50
44
50
11
16
118
101
43